514 410 314 989 562 921 322 485 162 771 835 982 791 855 961 596 763 157 603 943 233 114 267 286 522 636 575 778 611 255 150 125 565 364 114 180 337 388 617 400 159 452 434 902 359 396 499 174 453 154
169 638 220 337 824 695 925 451 473 536 607 575 561 224 892 627 356 229 915 873 529 974 377 864 876 636 312 427 762 665 534 832 355 706 221 232 401 146 583 827 634 190 402 247 367 294 774 623 476 689
549 905 715 826 821 643 515 133 123 277 750 557 161 106 263 282 290 617 328 773 444 914 916 746 161 283 993 835 858 469 524 407 426 291 286 300 835 753 333 858 930 136 467 144 194 630 326 384 247 607
157 643 521 125 390 635 360 435 470 219 856 947 578 334 238 764 534 125 517 820 883 500 856 350 544 950 933 822 334 232 429 443 776 903 469 218 538 729 605 908 900 461 907 479 695 146 295 230 223 765
950 107 317 858 409 813 860 342 635 194 527 117 589 303 920 958 473 458 740 978 418 640 439 326 171 186 424 367 316 547 184 318 606 401 176 916 266 988 258 801 182 685 818 724 940 790 734 465 300 474
443 619 167 834 897 238 921 373 557 237 820 693 508 479 994 636 395 312 625 605 114 759 291 884 483 283 727 218 649 927 644 144 598 763 879 495 902 800 820 511 989 693 205 497 172 251 134 467 464 711
972 530 470 315 466 906 551 193 176 200 173 720 244 671 484 175 219 438 875 939 901 865 632 158 414 756 362 500 223 778 211 196 308 634 463 726 592 914 872 668 166 945 440 363 668 876 438 839 314 366
831 268 231 515 378 597 272 640 150 395 418 313 543 678 847 907 405 439 821 277 107 888 274 500 251 894 376 641 734 643 907 565 811 190 980 189 688 252 782 738 600 200 951 143 779 851 102 236 342 824
465 402 764 639 802 967 585 178 608 319 721 568 836 584 658 869 674 346 173 456 136 725 608 140 769 439 943 771 575 285 647 940 587 463 631 441 482 217 520 991 488 241 559 377 778 269 246 452 516 371
860 604 997 520 696 818 860 639 641 435 825 341 428 464 704 959 806 187 228 326 230 617 519 741 894 297 910 192 701 478 515 613 983 564 134 731 382 946 371 924 381 196 265 709 612 921 721 418 160 849
696 290 466 268 931 412 517 894 556 271 372 124 836 407 588 922 139 871 868 410 847 302 558 164 911 222 137 684 541 198 534 289 388 952 509 372 417 927 266 925 250 590 949 986 898 538 909 937 461 777
399 360 979 909 424 943 131 513 627 624 611 213 866 952 166 375 324 535 354 542 460 504 132 410 491 930 848 400 919 361 229 370 621 209 279 997 204 311 510 783 887 122 897 753 974 115 129 350 550 383
792 962 840 824 372 331 807 272 683 778 533 812 149 206 973 328 203 229 591 614 913 479 688 862 284 662 877 365 964 479 649 756 493 541 632 766 772 491 990 507 270 524 371 319 630 345 599 786 526 243
400 439 674 988 301 858 702 230 224 666 661 825 474 155 366 106 873 190 498 863 597 720 439 868 939 122 265 538 808 692 733 208 131 407 248 385 266 850 567 390 568 229 267 942 336 533 100 209 623 550
972 272 270 464 140 209 486 358 700 294 950 433 454 133 741 654 470 959 556 938 401 124 219 568 118 507 101 118 616 676 569 640 848 739 104 940 901 542 350 653 788 352 138 242 386 779 848 808 790 404
746 191 480 917 659 498 424 712 569 992 388 138 633 288 829 689 281 782 232 531 435 920 784 474 215 222 305 963 930 148 420 729 239 800 646 799 351 123 511 820 115 852 910 700 192 791 390 373 574 574
857 961 494 693 435 661 867 693 677 849 741 997 578 880 849 277 731 200 352 295 972 367 147 882 968 291 726 410 565 300 884 474 261 430 219 649 992 138 394 669 887 187 718 518 119 567 747 751 720 999
998 744 418 145 627 386 388 405 748 905 605 632 379 818 963 550 519 107 588 813 728 528 900 446 946 972 965 693 723 737 744 721 482 162 818 161 501 206 466 249 112 123 782 443 893 797 946 413 856 586
278 584 114 231 982 112 203 999 757 878 737 501 599 271 564 469 332 965 627 750 266 691 773 100 187 666 849 185 131 705 671 310 289 738 441 323 750 544 323 508 422 112 961 973 283 525 494 515 542 173
265 761 765 990 761 904 708 611 989 740 316 660 950 558 450 391 833 201 887 156 661 361 220 622 386 403 200 780 870 694 905 187 455 670 177 269 626 786 780 615 526 148 328 528 658 678 871 492 831 758
